-4.5 ; -4.5 ; -13.5
-4.5 ; -3.5 ; -13.5
-4.5 ; -2.5 ; -13.5
-4.5 ; -1.5 ; -13.5
-4.5 ; -0.5 ; -13.5
-4.5 ; 0.5 ; -13.5
-4.5 ; 1.5 ; -13.5
-4.5 ; 2.5 ; -13.5
-4.5 ; 3.5 ; -13.5
-4.5 ; 4.5 ; -13.5
-3.5 ; -4.5 ; -13.5
-3.5 ; -3.5 ; -13.5
-3.5 ; -2.5 ; -13.5
-3.5 ; -1.5 ; -13.5
-3.5 ; -0.5 ; -13.5
-3.5 ; 0.5 ; -13.5
-3.5 ; 1.5 ; -13.5
-3.5 ; 2.5 ; -13.5
-3.5 ; 3.5 ; -13.5
-3.5 ; 4.5 ; -13.5
-2.5 ; -4.5 ; -13.5
-2.5 ; -3.5 ; -13.5
-2.5 ; -2.5 ; -13.5
-2.5 ; -1.5 ; -13.5
-2.5 ; -0.5 ; -13.5
-2.5 ; 0.5 ; -13.5
-2.5 ; 1.5 ; -13.5
-2.5 ; 2.5 ; -13.5
-2.5 ; 3.5 ; -13.5
-2.5 ; 4.5 ; -13.5
-1.5 ; -4.5 ; -13.5
-1.5 ; -3.5 ; -13.5
-1.5 ; -2.5 ; -13.5
-1.5 ; -1.5 ; -13.5
-1.5 ; -0.5 ; -13.5
-1.5 ; 0.5 ; -13.5
-1.5 ; 1.5 ; -13.5
-1.5 ; 2.5 ; -13.5
-1.5 ; 3.5 ; -13.5
-1.5 ; 4.5 ; -13.5
-0.5 ; -4.5 ; -13.5
-0.5 ; -3.5 ; -13.5
-0.5 ; -2.5 ; -13.5
-0.5 ; -1.5 ; -13.5
-0.5 ; -0.5 ; -13.5
-0.5 ; 0.5 ; -13.5
-0.5 ; 1.5 ; -13.5
-0.5 ; 2.5 ; -13.5
-0.5 ; 3.5 ; -13.5
-0.5 ; 4.5 ; -13.5
0.5 ; -4.5 ; -13.5
0.5 ; -3.5 ; -13.5
0.5 ; -2.5 ; -13.5
0.5 ; -1.5 ; -13.5
0.5 ; -0.5 ; -13.5
0.5 ; 0.5 ; -13.5
0.5 ; 1.5 ; -13.5
0.5 ; 2.5 ; -13.5
0.5 ; 3.5 ; -13.5
0.5 ; 4.5 ; -13.5
1.5 ; -4.5 ; -13.5
1.5 ; -3.5 ; -13.5
1.5 ; -2.5 ; -13.5
1.5 ; -1.5 ; -13.5
1.5 ; -0.5 ; -13.5
1.5 ; 0.5 ; -13.5
1.5 ; 1.5 ; -13.5
1.5 ; 2.5 ; -13.5
1.5 ; 3.5 ; -13.5
1.5 ; 4.5 ; -13.5
2.5 ; -4.5 ; -13.5
2.5 ; -3.5 ; -13.5
2.5 ; -2.5 ; -13.5
2.5 ; -1.5 ; -13.5
2.5 ; -0.5 ; -13.5
2.5 ; 0.5 ; -13.5
2.5 ; 1.5 ; -13.5
2.5 ; 2.5 ; -13.5
2.5 ; 3.5 ; -13.5
2.5 ; 4.5 ; -13.5
3.5 ; -4.5 ; -13.5
3.5 ; -3.5 ; -13.5
3.5 ; -2.5 ; -13.5
3.5 ; -1.5 ; -13.5
3.5 ; -0.5 ; -13.5
3.5 ; 0.5 ; -13.5
3.5 ; 1.5 ; -13.5
3.5 ; 2.5 ; -13.5
3.5 ; 3.5 ; -13.5
3.5 ; 4.5 ; -13.5
4.5 ; -4.5 ; -13.5
4.5 ; -3.5 ; -13.5
4.5 ; -2.5 ; -13.5
4.5 ; -1.5 ; -13.5
4.5 ; -0.5 ; -13.5
4.5 ; 0.5 ; -13.5
4.5 ; 1.5 ; -13.5
4.5 ; 2.5 ; -13.5
4.5 ; 3.5 ; -13.5
4.5 ; 4.5 ; -13.5
-4.5 ; -4.5 ; -10.5
-4.5 ; -3.5 ; -10.5
-4.5 ; -2.5 ; -10.5
-4.5 ; -1.5 ; -10.5
-4.5 ; -0.5 ; -10.5
-4.5 ; 0.5 ; -10.5
-4.5 ; 1.5 ; -10.5
-4.5 ; 2.5 ; -10.5
-4.5 ; 3.5 ; -10.5
-4.5 ; 4.5 ; -10.5
-3.5 ; -4.5 ; -10.5
-3.5 ; -3.5 ; -10.367174694996134
-3.5 ; -2.5 ; -10.363180245603345
-3.5 ; -1.5 ; -10.36010577232302
-3.5 ; -0.5 ; -10.35801783724856
-3.5 ; 0.5 ; -10.35696221263048
-3.5 ; 1.5 ; -10.35696221263048
-3.5 ; 2.5 ; -10.35801783724856
-3.5 ; 3.5 ; -10.36010577232302
-3.5 ; 4.5 ; -10.5
-2.5 ; -4.5 ; -10.5
-2.5 ; -3.5 ; -10.363180245603345
-2.5 ; -2.5 ; -10.359065671314546
-2.5 ; -1.5 ; -10.355898739538247
-2.5 ; -0.5 ; -10.353748014086683
-2.5 ; 0.5 ; -10.352660643717183
-2.5 ; 1.5 ; -10.352660643717183
-2.5 ; 2.5 ; -10.353748014086683
-2.5 ; 3.5 ; -10.355898739538247
-2.5 ; 4.5 ; -10.5
-1.5 ; -4.5 ; -10.5
-1.5 ; -3.5 ; -10.36010577232302
-1.5 ; -2.5 ; -10.355898739538247
-1.5 ; -1.5 ; -10.352660643717183
-1.5 ; -0.5 ; -10.350461589367768
-1.5 ; 0.5 ; -10.34934978472588
-1.5 ; 1.5 ; -10.34934978472588
-1.5 ; 2.5 ; -10.350461589367768
-1.5 ; 3.5 ; -10.352660643717183
-1.5 ; 4.5 ; -10.5
-0.5 ; -4.5 ; -10.5
-0.5 ; -3.5 ; -10.35801783724856
-0.5 ; -2.5 ; -10.353748014086683
-0.5 ; -1.5 ; -10.350461589367768
-0.5 ; -0.5 ; -10.348229713916417
-0.5 ; 0.5 ; -10.347101315481162
-0.5 ; 1.5 ; -10.347101315481162
-0.5 ; 2.5 ; -10.348229713916417
-0.5 ; 3.5 ; -10.350461589367768
-0.5 ; 4.5 ; -10.5
0.5 ; -4.5 ; -10.5
0.5 ; -3.5 ; -10.35696221263048
0.5 ; -2.5 ; -10.352660643717183
0.5 ; -1.5 ; -10.34934978472588
0.5 ; -0.5 ; -10.347101315481162
0.5 ; 0.5 ; -10.345964527504965
0.5 ; 1.5 ; -10.345964527504965
0.5 ; 2.5 ; -10.347101315481162
0.5 ; 3.5 ; -10.34934978472588
0.5 ; 4.5 ; -10.5
1.5 ; -4.5 ; -10.5
1.5 ; -3.5 ; -10.35696221263048
1.5 ; -2.5 ; -10.352660643717183
1.5 ; -1.5 ; -10.34934978472588
1.5 ; -0.5 ; -10.347101315481162
1.5 ; 0.5 ; -10.345964527504965
1.5 ; 1.5 ; -10.345964527504965
1.5 ; 2.5 ; -10.347101315481162
1.5 ; 3.5 ; -10.34934978472588
1.5 ; 4.5 ; -10.5
2.5 ; -4.5 ; -10.5
2.5 ; -3.5 ; -10.35801783724856
2.5 ; -2.5 ; -10.353748014086683
2.5 ; -1.5 ; -10.350461589367768
2.5 ; -0.5 ; -10.348229713916417
2.5 ; 0.5 ; -10.347101315481162
2.5 ; 1.5 ; -10.347101315481162
2.5 ; 2.5 ; -10.348229713916417
2.5 ; 3.5 ; -10.350461589367768
2.5 ; 4.5 ; -10.5
3.5 ; -4.5 ; -10.5
3.5 ; -3.5 ; -10.36010577232302
3.5 ; -2.5 ; -10.355898739538247
3.5 ; -1.5 ; -10.352660643717183
3.5 ; -0.5 ; -10.350461589367768
3.5 ; 0.5 ; -10.34934978472588
3.5 ; 1.5 ; -10.34934978472588
3.5 ; 2.5 ; -10.350461589367768
3.5 ; 3.5 ; -10.352660643717183
3.5 ; 4.5 ; -10.5
4.5 ; -4.5 ; -10.5
4.5 ; -3.5 ; -10.5
4.5 ; -2.5 ; -10.5
4.5 ; -1.5 ; -10.5
4.5 ; -0.5 ; -10.5
4.5 ; 0.5 ; -10.5
4.5 ; 1.5 ; -10.5
4.5 ; 2.5 ; -10.5
4.5 ; 3.5 ; -10.5
4.5 ; 4.5 ; -10.5
-4.5 ; -4.5 ; -7.5
-4.5 ; -3.5 ; -7.5
-4.5 ; -2.5 ; -7.5
-4.5 ; -1.5 ; -7.5
-4.5 ; -0.5 ; -7.5
-4.5 ; 0.5 ; -7.5
-4.5 ; 1.5 ; -7.5
-4.5 ; 2.5 ; -7.5
-4.5 ; 3.5 ; -7.5
-4.5 ; 4.5 ; -7.5
-3.5 ; -4.5 ; -7.5
-3.5 ; -3.5 ; -7.363180245603346
-3.5 ; -2.5 ; -7.2931730693168495
-3.5 ; -1.5 ; -7.288548411195078
-3.5 ; -0.5 ; -7.285407999520092
-3.5 ; 0.5 ; -7.283820346798112
-3.5 ; 1.5 ; -7.283820346798112
-3.5 ; 2.5 ; -7.285407999520092
-3.5 ; 3.5 ; -7.356958288393405
-3.5 ; 4.5 ; -7.5
-2.5 ; -4.5 ; -7.5
-2.5 ; -3.5 ; -7.2931730693168495
-2.5 ; -2.5 ; -7.219078985141594
-2.5 ; -1.5 ; -7.2127900507207166
-2.5 ; -0.5 ; -7.20851940493588
-2.5 ; 0.5 ; -7.206360327580114
-2.5 ; 1.5 ; -7.206360327580114
-2.5 ; 2.5 ; -7.20851940493588
-2.5 ; 3.5 ; -7.283257215063443
-2.5 ; 4.5 ; -7.5
-1.5 ; -4.5 ; -7.5
-1.5 ; -3.5 ; -7.288548411195078
-1.5 ; -2.5 ; -7.2127900507207166
-1.5 ; -1.5 ; -7.206360328906016
-1.5 ; -0.5 ; -7.201994078223082
-1.5 ; 0.5 ; -7.199786666645997
-1.5 ; 1.5 ; -7.199786666645997
-1.5 ; 2.5 ; -7.201994078223082
-1.5 ; 3.5 ; -7.278410959136892
-1.5 ; 4.5 ; -7.5
-0.5 ; -4.5 ; -7.5
-0.5 ; -3.5 ; -7.285407999520092
-0.5 ; -2.5 ; -7.20851940493588
-0.5 ; -1.5 ; -7.201994078223082
-0.5 ; -0.5 ; -7.197562904848929
-0.5 ; 0.5 ; -7.195322670814211
-0.5 ; 1.5 ; -7.195322670814211
-0.5 ; 2.5 ; -7.197562904848929
-0.5 ; 3.5 ; -7.2751200711797415
-0.5 ; 4.5 ; -7.5
0.5 ; -4.5 ; -7.5
0.5 ; -3.5 ; -7.283820346798112
0.5 ; -2.5 ; -7.206360327580114
0.5 ; -1.5 ; -7.199786666645997
0.5 ; -0.5 ; -7.195322670814211
0.5 ; 0.5 ; -7.193065842986124
0.5 ; 1.5 ; -7.193065842986124
0.5 ; 2.5 ; -7.195322670814211
0.5 ; 3.5 ; -7.273456344787405
0.5 ; 4.5 ; -7.5
1.5 ; -4.5 ; -7.5
1.5 ; -3.5 ; -7.283820346798112
1.5 ; -2.5 ; -7.206360327580114
1.5 ; -1.5 ; -7.199786666645997
1.5 ; -0.5 ; -7.195322670814211
1.5 ; 0.5 ; -7.193065842986124
1.5 ; 1.5 ; -7.193065842986124
1.5 ; 2.5 ; -7.195322670814211
1.5 ; 3.5 ; -7.273456344787405
1.5 ; 4.5 ; -7.5
2.5 ; -4.5 ; -7.5
2.5 ; -3.5 ; -7.285407999520092
2.5 ; -2.5 ; -7.20851940493588
2.5 ; -1.5 ; -7.201994078223082
2.5 ; -0.5 ; -7.197562904848929
2.5 ; 0.5 ; -7.195322670814211
2.5 ; 1.5 ; -7.195322670814211
2.5 ; 2.5 ; -7.197562904848929
2.5 ; 3.5 ; -7.2751200711797415
2.5 ; 4.5 ; -7.5
3.5 ; -4.5 ; -7.5
3.5 ; -3.5 ; -7.356958288393405
3.5 ; -2.5 ; -7.283257215063443
3.5 ; -1.5 ; -7.278410959136892
3.5 ; -0.5 ; -7.2751200711797415
3.5 ; 0.5 ; -7.273456344787405
3.5 ; 1.5 ; -7.273456344787405
3.5 ; 2.5 ; -7.2751200711797415
3.5 ; 3.5 ; -7.350461589367768
3.5 ; 4.5 ; -7.5
4.5 ; -4.5 ; -7.5
4.5 ; -3.5 ; -7.5
4.5 ; -2.5 ; -7.5
4.5 ; -1.5 ; -7.5
4.5 ; -0.5 ; -7.5
4.5 ; 0.5 ; -7.5
4.5 ; 1.5 ; -7.5
4.5 ; 2.5 ; -7.5
4.5 ; 3.5 ; -7.5
4.5 ; 4.5 ; -7.5
-4.5 ; -4.5 ; -4.5
-4.5 ; -3.5 ; -4.5
-4.5 ; -2.5 ; -4.5
-4.5 ; -1.5 ; -4.5
-4.5 ; -0.5 ; -4.5
-4.5 ; 0.5 ; -4.5
-4.5 ; 1.5 ; -4.5
-4.5 ; 2.5 ; -4.5
-4.5 ; 3.5 ; -4.5
-4.5 ; 4.5 ; -4.5
-3.5 ; -4.5 ; -4.5
-3.5 ; -3.5 ; -4.297167518709637
-3.5 ; -2.5 ; -4.255410997256504
-3.5 ; -1.5 ; -4.217242920906772
-3.5 ; -0.5 ; -4.213053919193005
-3.5 ; 0.5 ; -4.210936202781527
-3.5 ; 1.5 ; -4.210936202781527
-3.5 ; 2.5 ; -4.247258857792168
-3.5 ; 3.5 ; -4.287480091221385
-3.5 ; 4.5 ; -4.5
-2.5 ; -4.5 ; -4.5
-2.5 ; -3.5 ; -4.255410997256504
-2.5 ; -2.5 ; -4.145949806210517
-2.5 ; -1.5 ; -4.104362253906816
-2.5 ; -0.5 ; -4.098504837172804
-2.5 ; 0.5 ; -4.095543689117122
-2.5 ; 1.5 ; -4.095543689117122
-2.5 ; 2.5 ; -4.133738419344169
-2.5 ; 3.5 ; -4.244585850707892
-2.5 ; 4.5 ; -4.5
-1.5 ; -4.5 ; -4.5
-1.5 ; -3.5 ; -4.217242920906772
-1.5 ; -2.5 ; -4.104362253906816
-1.5 ; -1.5 ; -4.061084443754966
-1.5 ; -0.5 ; -4.054582163813096
-1.5 ; 0.5 ; -4.051294989711588
-1.5 ; 1.5 ; -4.051294989711588
-1.5 ; 2.5 ; -4.0906074789285345
-1.5 ; 3.5 ; -4.204435366813426
-1.5 ; 4.5 ; -4.5
-0.5 ; -4.5 ; -4.5
-0.5 ; -3.5 ; -4.213053919193005
-0.5 ; -2.5 ; -4.098504837172804
-0.5 ; -1.5 ; -4.054582163813096
-0.5 ; -0.5 ; -4.047983558104782
-0.5 ; 0.5 ; -4.04464768731458
-0.5 ; 1.5 ; -4.04464768731458
-0.5 ; 2.5 ; -4.084546554583111
-0.5 ; 3.5 ; -4.200056622574641
-0.5 ; 4.5 ; -4.5
0.5 ; -4.5 ; -4.5
0.5 ; -3.5 ; -4.210936202781527
0.5 ; -2.5 ; -4.095543689117122
0.5 ; -1.5 ; -4.051294989711588
0.5 ; -0.5 ; -4.04464768731458
0.5 ; 0.5 ; -4.041287198319175
0.5 ; 1.5 ; -4.041287198319175
0.5 ; 2.5 ; -4.081482526385285
0.5 ; 3.5 ; -4.197842983329156
0.5 ; 4.5 ; -4.5
1.5 ; -4.5 ; -4.5
1.5 ; -3.5 ; -4.210936202781527
1.5 ; -2.5 ; -4.095543689117122
1.5 ; -1.5 ; -4.051294989711588
1.5 ; -0.5 ; -4.04464768731458
1.5 ; 0.5 ; -4.041287198319175
1.5 ; 1.5 ; -4.041287198319175
1.5 ; 2.5 ; -4.081482526385285
1.5 ; 3.5 ; -4.197842983329156
1.5 ; 4.5 ; -4.5
2.5 ; -4.5 ; -4.5
2.5 ; -3.5 ; -4.247258857792168
2.5 ; -2.5 ; -4.133738419344169
2.5 ; -1.5 ; -4.0906074789285345
2.5 ; -0.5 ; -4.084546554583111
2.5 ; 0.5 ; -4.081482526385285
2.5 ; 1.5 ; -4.081482526385285
2.5 ; 2.5 ; -4.121109551061441
2.5 ; 3.5 ; -4.236081937690077
2.5 ; 4.5 ; -4.5
3.5 ; -4.5 ; -4.5
3.5 ; -3.5 ; -4.287480091221385
3.5 ; -2.5 ; -4.244585850707892
3.5 ; -1.5 ; -4.204435366813426
3.5 ; -0.5 ; -4.200056622574641
3.5 ; 0.5 ; -4.197842983329156
3.5 ; 1.5 ; -4.197842983329156
3.5 ; 2.5 ; -4.236081937690077
3.5 ; 3.5 ; -4.277319125529157
3.5 ; 4.5 ; -4.5
4.5 ; -4.5 ; -4.5
4.5 ; -3.5 ; -4.5
4.5 ; -2.5 ; -4.5
4.5 ; -1.5 ; -4.5
4.5 ; -0.5 ; -4.5
4.5 ; 0.5 ; -4.5
4.5 ; 1.5 ; -4.5
4.5 ; 2.5 ; -4.5
4.5 ; 3.5 ; -4.5
4.5 ; 4.5 ; -4.5
-4.5 ; -4.5 ; -1.5
-4.5 ; -3.5 ; -1.5
-4.5 ; -2.5 ; -1.5
-4.5 ; -1.5 ; -1.5
-4.5 ; -0.5 ; -1.5
-4.5 ; 0.5 ; -1.5
-4.5 ; 1.5 ; -1.5
-4.5 ; 2.5 ; -1.5
-4.5 ; 3.5 ; -1.5
-4.5 ; 4.5 ; -1.5
-3.5 ; -4.5 ; -1.5
-3.5 ; -3.5 ; -1.3254181735430013
-3.5 ; -2.5 ; -1.187949371260304
-3.5 ; -1.5 ; -1.179276436594412
-3.5 ; -0.5 ; -1.158305898486109
-3.5 ; 0.5 ; -1.1557929153947804
-3.5 ; 1.5 ; -1.1728953846943622
-3.5 ; 2.5 ; -1.1768363361299325
-3.5 ; 3.5 ; -1.318548035351668
-3.5 ; 4.5 ; -1.5
-2.5 ; -4.5 ; -1.5
-2.5 ; -3.5 ; -1.187949371260304
-2.5 ; -2.5 ; -1.0728891162673477
-2.5 ; -1.5 ; -1.012927489653963
-2.5 ; -0.5 ; -0.9890141899288967
-2.5 ; 0.5 ; -0.9852568139915832
-2.5 ; 1.5 ; -1.002873605077264
-2.5 ; 2.5 ; -1.0590075330153734
-2.5 ; 3.5 ; -1.1741398275198431
-2.5 ; 4.5 ; -1.5
-1.5 ; -4.5 ; -1.5
-1.5 ; -3.5 ; -1.179276436594412
-1.5 ; -2.5 ; -1.012927489653963
-1.5 ; -1.5 ; -0.9505206176821286
-1.5 ; -0.5 ; -0.9253133399267419
-1.5 ; 0.5 ; -0.9210890599924877
-1.5 ; 1.5 ; -0.9391017175502068
-1.5 ; 2.5 ; -0.9968617756653799
-1.5 ; 3.5 ; -1.1658502530092925
-1.5 ; 4.5 ; -1.5
-0.5 ; -4.5 ; -1.5
-0.5 ; -3.5 ; -1.158305898486109
-0.5 ; -2.5 ; -0.9890141899288967
-0.5 ; -1.5 ; -0.9253133399267419
-0.5 ; -0.5 ; -0.8994760069393113
-0.5 ; 0.5 ; -0.8950603448916432
-0.5 ; 1.5 ; -0.9133418431308087
-0.5 ; 2.5 ; -0.9720803169348251
-0.5 ; 3.5 ; -1.1438174191559742
-0.5 ; 4.5 ; -1.5
0.5 ; -4.5 ; -1.5
0.5 ; -3.5 ; -1.1557929153947804
0.5 ; -2.5 ; -0.9852568139915832
0.5 ; -1.5 ; -0.9210890599924877
0.5 ; -0.5 ; -0.8950603448916432
0.5 ; 0.5 ; -0.8906122148195443
0.5 ; 1.5 ; -0.909029634354896
0.5 ; 2.5 ; -0.9681984204042404
0.5 ; 3.5 ; -1.1411978675412655
0.5 ; 4.5 ; -1.5
1.5 ; -4.5 ; -1.5
1.5 ; -3.5 ; -1.1728953846943622
1.5 ; -2.5 ; -1.002873605077264
1.5 ; -1.5 ; -0.9391017175502068
1.5 ; -0.5 ; -0.9133418431308087
1.5 ; 0.5 ; -0.909029634354896
1.5 ; 1.5 ; -0.9274470538902477
1.5 ; 2.5 ; -0.9864799186434041
1.5 ; 3.5 ; -1.1592105250989846
1.5 ; 4.5 ; -1.5
2.5 ; -4.5 ; -1.5
2.5 ; -3.5 ; -1.1768363361299325
2.5 ; -2.5 ; -1.0590075330153734
2.5 ; -1.5 ; -0.9968617756653799
2.5 ; -0.5 ; -0.9720803169348251
2.5 ; 0.5 ; -0.9681984204042404
2.5 ; 1.5 ; -0.9864799186434041
2.5 ; 2.5 ; -1.044684626930339
2.5 ; 3.5 ; -1.1625154816375662
2.5 ; 4.5 ; -1.5
3.5 ; -4.5 ; -1.5
3.5 ; -3.5 ; -1.318548035351668
3.5 ; -2.5 ; -1.1741398275198431
3.5 ; -1.5 ; -1.1658502530092925
3.5 ; -0.5 ; -1.1438174191559742
3.5 ; 0.5 ; -1.1411978675412655
3.5 ; 1.5 ; -1.1592105250989846
3.5 ; 2.5 ; -1.1625154816375662
3.5 ; 3.5 ; -1.3114234558781046
3.5 ; 4.5 ; -1.5
4.5 ; -4.5 ; -1.5
4.5 ; -3.5 ; -1.5
4.5 ; -2.5 ; -1.5
4.5 ; -1.5 ; -1.5
4.5 ; -0.5 ; -1.5
4.5 ; 0.5 ; -1.5
4.5 ; 1.5 ; -1.5
4.5 ; 2.5 ; -1.5
4.5 ; 3.5 ; -1.5
4.5 ; 4.5 ; -1.5
-4.5 ; -4.5 ; 1.5
-4.5 ; -3.5 ; 1.5
-4.5 ; -2.5 ; 1.5
-4.5 ; -1.5 ; 1.5
-4.5 ; -0.5 ; 1.5
-4.5 ; 0.5 ; 1.5
-4.5 ; 1.5 ; 1.5
-4.5 ; 2.5 ; 1.5
-4.5 ; 3.5 ; 1.5
-4.5 ; 4.5 ; 1.5
-3.5 ; -4.5 ; 1.5
-3.5 ; -3.5 ; 1.7702941072865634
-3.5 ; -2.5 ; 1.785977262454578
-3.5 ; -1.5 ; 1.8895792845712034
-3.5 ; -0.5 ; 1.888246290278504
-3.5 ; 0.5 ; 1.8906016541782726
-3.5 ; 1.5 ; 1.8981817437628923
-3.5 ; 2.5 ; 1.7935930223506702
-3.5 ; 3.5 ; 1.782954181203758
-3.5 ; 4.5 ; 1.5
-2.5 ; -4.5 ; 1.5
-2.5 ; -3.5 ; 1.785977262454578
-2.5 ; -2.5 ; 2.012946584038536
-2.5 ; -1.5 ; 2.0611785698793224
-2.5 ; -0.5 ; 2.0943644048130157
-2.5 ; 0.5 ; 2.098211285077685
-2.5 ; 1.5 ; 2.0720822367343192
-2.5 ; 2.5 ; 2.0299037467324794
-2.5 ; 3.5 ; 1.7965381772934297
-2.5 ; 4.5 ; 1.5
-1.5 ; -4.5 ; 1.5
-1.5 ; -3.5 ; 1.8895792845712034
-1.5 ; -2.5 ; 2.0611785698793224
-1.5 ; -1.5 ; 2.1596191443842407
-1.5 ; -0.5 ; 2.1948018132875617
-1.5 ; 0.5 ; 2.1993731670865184
-1.5 ; 1.5 ; 2.172668790891354
-1.5 ; 2.5 ; 2.0783802760427648
-1.5 ; 3.5 ; 1.9057800981215092
-1.5 ; 4.5 ; 1.5
-0.5 ; -4.5 ; 1.5
-0.5 ; -3.5 ; 1.888246290278504
-0.5 ; -2.5 ; 2.0943644048130157
-0.5 ; -1.5 ; 2.1948018132875617
-0.5 ; -0.5 ; 2.2308726082045087
-0.5 ; 0.5 ; 2.2356994669694075
-0.5 ; 1.5 ; 2.2086045207838616
-0.5 ; 2.5 ; 2.112740873840206
-0.5 ; 3.5 ; 1.9037916110455146
-0.5 ; 4.5 ; 1.5
0.5 ; -4.5 ; 1.5
0.5 ; -3.5 ; 1.8906016541782726
0.5 ; -2.5 ; 2.098211285077685
0.5 ; -1.5 ; 2.1993731670865184
0.5 ; -0.5 ; 2.2356994669694075
0.5 ; 0.5 ; 2.2405577080680406
0.5 ; 1.5 ; 2.213265340727512
0.5 ; 2.5 ; 2.1167032361858844
0.5 ; 3.5 ; 1.906234900485785
0.5 ; 4.5 ; 1.5
1.5 ; -4.5 ; 1.5
1.5 ; -3.5 ; 1.8981817437628923
1.5 ; -2.5 ; 2.0720822367343192
1.5 ; -1.5 ; 2.172668790891354
1.5 ; -0.5 ; 2.2086045207838616
1.5 ; 0.5 ; 2.213265340727512
1.5 ; 1.5 ; 2.185972973386983
1.5 ; 2.5 ; 2.0896082900003385
1.5 ; 3.5 ; 1.914764106461984
1.5 ; 4.5 ; 1.5
2.5 ; -4.5 ; 1.5
2.5 ; -3.5 ; 1.7935930223506702
2.5 ; -2.5 ; 2.0299037467324794
2.5 ; -1.5 ; 2.0783802760427648
2.5 ; -0.5 ; 2.112740873840206
2.5 ; 0.5 ; 2.1167032361858844
2.5 ; 1.5 ; 2.0896082900003385
2.5 ; 2.5 ; 2.0474595127329493
2.5 ; 3.5 ; 1.8043945883160841
2.5 ; 4.5 ; 1.5
3.5 ; -4.5 ; 1.5
3.5 ; -3.5 ; 1.782954181203758
3.5 ; -2.5 ; 1.7965381772934297
3.5 ; -1.5 ; 1.9057800981215092
3.5 ; -0.5 ; 1.9037916110455146
3.5 ; 0.5 ; 1.906234900485785
3.5 ; 1.5 ; 1.914764106461984
3.5 ; 2.5 ; 1.8043945883160841
3.5 ; 3.5 ; 1.7962473305233537
3.5 ; 4.5 ; 1.5
4.5 ; -4.5 ; 1.5
4.5 ; -3.5 ; 1.5
4.5 ; -2.5 ; 1.5
4.5 ; -1.5 ; 1.5
4.5 ; -0.5 ; 1.5
4.5 ; 0.5 ; 1.5
4.5 ; 1.5 ; 1.5
4.5 ; 2.5 ; 1.5
4.5 ; 3.5 ; 1.5
4.5 ; 4.5 ; 1.5
-4.5 ; -4.5 ; 4.5
-4.5 ; -3.5 ; 4.5
-4.5 ; -2.5 ; 4.5
-4.5 ; -1.5 ; 4.5
-4.5 ; -0.5 ; 4.5
-4.5 ; 0.5 ; 4.5
-4.5 ; 1.5 ; 4.5
-4.5 ; 2.5 ; 4.5
-4.5 ; 3.5 ; 4.5
-4.5 ; 4.5 ; 4.5
-3.5 ; -4.5 ; 4.5
-3.5 ; -3.5 ; 4.648508460171879
-3.5 ; -2.5 ; 4.937252479890226
-3.5 ; -1.5 ; 4.868016004411977
-3.5 ; -0.5 ; 4.941008544254181
-3.5 ; 0.5 ; 4.944755792750787
-3.5 ; 1.5 ; 4.87299450023826
-3.5 ; 2.5 ; 4.953908976250332
-3.5 ; 3.5 ; 4.652005646295272
-3.5 ; 4.5 ; 4.5
-2.5 ; -4.5 ; 4.5
-2.5 ; -3.5 ; 4.937252479890226
-2.5 ; -2.5 ; 4.97514357698082
-2.5 ; -1.5 ; 5.161177399485926
-2.5 ; -0.5 ; 5.173106560361838
-2.5 ; 0.5 ; 5.177338802611196
-2.5 ; 1.5 ; 5.174739902780704
-2.5 ; 2.5 ; 4.986645095391431
-2.5 ; 3.5 ; 4.956882096197194
-2.5 ; 4.5 ; 4.5
-1.5 ; -4.5 ; 4.5
-1.5 ; -3.5 ; 4.868016004411977
-1.5 ; -2.5 ; 5.161177399485926
-1.5 ; -1.5 ; 5.243700595065462
-1.5 ; -0.5 ; 5.296851259588813
-1.5 ; 0.5 ; 5.301967726300603
-1.5 ; 1.5 ; 5.257201524706495
-1.5 ; 2.5 ; 5.181704889382242
-1.5 ; 3.5 ; 4.8809142903521625
-1.5 ; 4.5 ; 4.5
-0.5 ; -4.5 ; 4.5
-0.5 ; -3.5 ; 4.941008544254181
-0.5 ; -2.5 ; 5.173106560361838
-0.5 ; -1.5 ; 5.296851259588813
-0.5 ; -0.5 ; 5.351398958136045
-0.5 ; 0.5 ; 5.3569032196208966
-0.5 ; 1.5 ; 5.311481399949219
-0.5 ; 2.5 ; 5.19276923427239
-0.5 ; 3.5 ; 4.958124735810468
-0.5 ; 4.5 ; 4.5
0.5 ; -4.5 ; 4.5
0.5 ; -3.5 ; 4.944755792750787
0.5 ; -2.5 ; 5.177338802611196
0.5 ; -1.5 ; 5.301967726300603
0.5 ; -0.5 ; 5.3569032196208966
0.5 ; 0.5 ; 5.362442572123914
0.5 ; 1.5 ; 5.31668935097991
0.5 ; 2.5 ; 5.197120150859877
0.5 ; 3.5 ; 4.9620447916350265
0.5 ; 4.5 ; 4.5
1.5 ; -4.5 ; 4.5
1.5 ; -3.5 ; 4.87299450023826
1.5 ; -2.5 ; 5.174739902780704
1.5 ; -1.5 ; 5.257201524706495
1.5 ; -0.5 ; 5.311481399949219
1.5 ; 0.5 ; 5.31668935097991
1.5 ; 1.5 ; 5.270936129835903
1.5 ; 2.5 ; 5.195740308902401
1.5 ; 3.5 ; 4.886004998213238
1.5 ; 4.5 ; 4.5
2.5 ; -4.5 ; 4.5
2.5 ; -3.5 ; 4.953908976250332
2.5 ; -2.5 ; 4.986645095391431
2.5 ; -1.5 ; 5.181704889382242
2.5 ; -0.5 ; 5.19276923427239
2.5 ; 0.5 ; 5.197120150859877
2.5 ; 1.5 ; 5.195740308902401
2.5 ; 2.5 ; 4.998313651667058
2.5 ; 3.5 ; 4.974379297175293
2.5 ; 4.5 ; 4.5
3.5 ; -4.5 ; 4.5
3.5 ; -3.5 ; 4.652005646295272
3.5 ; -2.5 ; 4.956882096197194
3.5 ; -1.5 ; 4.8809142903521625
3.5 ; -0.5 ; 4.958124735810468
3.5 ; 0.5 ; 4.9620447916350265
3.5 ; 1.5 ; 4.886004998213238
3.5 ; 2.5 ; 4.974379297175293
3.5 ; 3.5 ; 4.655486614075546
3.5 ; 4.5 ; 4.5
4.5 ; -4.5 ; 4.5
4.5 ; -3.5 ; 4.5
4.5 ; -2.5 ; 4.5
4.5 ; -1.5 ; 4.5
4.5 ; -0.5 ; 4.5
4.5 ; 0.5 ; 4.5
4.5 ; 1.5 ; 4.5
4.5 ; 2.5 ; 4.5
4.5 ; 3.5 ; 4.5
4.5 ; 4.5 ; 4.5
-4.5 ; -4.5 ; 7.5
-4.5 ; -3.5 ; 7.5
-4.5 ; -2.5 ; 7.5
-4.5 ; -1.5 ; 7.5
-4.5 ; -0.5 ; 7.5
-4.5 ; 0.5 ; 7.5
-4.5 ; 1.5 ; 7.5
-4.5 ; 2.5 ; 7.5
-4.5 ; 3.5 ; 7.5
-4.5 ; 4.5 ; 7.5
-3.5 ; -4.5 ; 7.5
-3.5 ; -3.5 ; 7.921569324722213
-3.5 ; -2.5 ; 7.6954012952887645
-3.5 ; -1.5 ; 8.041597435080167
-3.5 ; -0.5 ; 7.943912797259561
-3.5 ; 0.5 ; 7.943952918170549
-3.5 ; 1.5 ; 8.056745623022174
-3.5 ; 2.5 ; 7.693895807463587
-3.5 ; 3.5 ; 7.943284117605472
-3.5 ; 4.5 ; 7.5
-2.5 ; -4.5 ; 7.5
-2.5 ; -3.5 ; 7.6954012952887645
-2.5 ; -2.5 ; 8.26422063108079
-2.5 ; -1.5 ; 8.112907229385872
-2.5 ; -0.5 ; 8.261333428521539
-2.5 ; 0.5 ; 8.267285544768587
-2.5 ; 1.5 ; 8.119689414975802
-2.5 ; 2.5 ; 8.293224822827124
-2.5 ; 3.5 ; 7.697001680283989
-2.5 ; 4.5 ; 7.5
-1.5 ; -4.5 ; 7.5
-1.5 ; -3.5 ; 8.041597435080167
-1.5 ; -2.5 ; 8.112907229385872
-1.5 ; -1.5 ; 8.361667420292093
-1.5 ; -0.5 ; 8.387774070975393
-1.5 ; 0.5 ; 8.392829892237213
-1.5 ; 1.5 ; 8.378395649774006
-1.5 ; 2.5 ; 8.126598593611227
-1.5 ; 3.5 ; 8.064780926625609
-1.5 ; 4.5 ; 7.5
-0.5 ; -4.5 ; 7.5
-0.5 ; -3.5 ; 7.943912797259561
-0.5 ; -2.5 ; 8.261333428521539
-0.5 ; -1.5 ; 8.387774070975393
-0.5 ; -0.5 ; 8.454125807157247
-0.5 ; 0.5 ; 8.459640793152833
-0.5 ; 1.5 ; 8.403198949359467
-0.5 ; 2.5 ; 8.283216639812096
-0.5 ; 3.5 ; 7.959277832951553
-0.5 ; 4.5 ; 7.5
0.5 ; -4.5 ; 7.5
0.5 ; -3.5 ; 7.943952918170549
0.5 ; -2.5 ; 8.267285544768587
0.5 ; -1.5 ; 8.392829892237213
0.5 ; -0.5 ; 8.459640793152833
0.5 ; 0.5 ; 8.465185470971928
0.5 ; 1.5 ; 8.408336247899584
0.5 ; 2.5 ; 8.289400376553825
0.5 ; 3.5 ; 7.9592303660808845
0.5 ; 4.5 ; 7.5
1.5 ; -4.5 ; 7.5
1.5 ; -3.5 ; 8.056745623022174
1.5 ; -2.5 ; 8.119689414975802
1.5 ; -1.5 ; 8.378395649774006
1.5 ; -0.5 ; 8.403198949359467
1.5 ; 0.5 ; 8.408336247899584
1.5 ; 1.5 ; 8.395529002541444
1.5 ; 2.5 ; 8.133345840904475
1.5 ; 3.5 ; 8.080727415917242
1.5 ; 4.5 ; 7.5
2.5 ; -4.5 ; 7.5
2.5 ; -3.5 ; 7.693895807463587
2.5 ; -2.5 ; 8.293224822827124
2.5 ; -1.5 ; 8.126598593611227
2.5 ; -0.5 ; 8.283216639812096
2.5 ; 0.5 ; 8.289400376553825
2.5 ; 1.5 ; 8.133345840904475
2.5 ; 2.5 ; 8.32357624049422
2.5 ; 3.5 ; 7.6950617454348595
2.5 ; 4.5 ; 7.5
3.5 ; -4.5 ; 7.5
3.5 ; -3.5 ; 7.943284117605472
3.5 ; -2.5 ; 7.697001680283989
3.5 ; -1.5 ; 8.064780926625609
3.5 ; -0.5 ; 7.959277832951553
3.5 ; 0.5 ; 7.9592303660808845
3.5 ; 1.5 ; 8.080727415917242
3.5 ; 2.5 ; 7.6950617454348595
3.5 ; 3.5 ; 7.966232039382561
3.5 ; 4.5 ; 7.5
4.5 ; -4.5 ; 7.5
4.5 ; -3.5 ; 7.5
4.5 ; -2.5 ; 7.5
4.5 ; -1.5 ; 7.5
4.5 ; -0.5 ; 7.5
4.5 ; 0.5 ; 7.5
4.5 ; 1.5 ; 7.5
4.5 ; 2.5 ; 7.5
4.5 ; 3.5 ; 7.5
4.5 ; 4.5 ; 7.5
-4.5 ; -4.5 ; 10.5
-4.5 ; -3.5 ; 10.5
-4.5 ; -2.5 ; 10.5
-4.5 ; -1.5 ; 10.5
-4.5 ; -0.5 ; 10.5
-4.5 ; 0.5 ; 10.5
-4.5 ; 1.5 ; 10.5
-4.5 ; 2.5 ; 10.5
-4.5 ; 3.5 ; 10.5
-4.5 ; 4.5 ; 10.5
-3.5 ; -4.5 ; 10.5
-3.5 ; -3.5 ; 10.40665727557042
-3.5 ; -2.5 ; 11.305112154549473
-3.5 ; -1.5 ; 10.72440745356391
-3.5 ; -0.5 ; 11.071511256378006
-3.5 ; 0.5 ; 11.08305685172413
-3.5 ; 1.5 ; 10.715061234652318
-3.5 ; 2.5 ; 11.34471363701524
-3.5 ; 3.5 ; 10.392058853945294
-3.5 ; 4.5 ; 10.5
-2.5 ; -4.5 ; 10.5
-2.5 ; -3.5 ; 11.305112154549473
-2.5 ; -2.5 ; 10.685022222279304
-2.5 ; -1.5 ; 11.495603488563173
-2.5 ; -0.5 ; 11.240858378586488
-2.5 ; 0.5 ; 11.238956638466782
-2.5 ; 1.5 ; 11.52547576150296
-2.5 ; 2.5 ; 10.671619911253494
-2.5 ; 3.5 ; 11.347744513706868
-2.5 ; 4.5 ; 10.5
-1.5 ; -4.5 ; 10.5
-1.5 ; -3.5 ; 10.72440745356391
-1.5 ; -2.5 ; 11.495603488563173
-1.5 ; -1.5 ; 11.286353236351989
-1.5 ; -0.5 ; 11.496742613760887
-1.5 ; 0.5 ; 11.504368352372314
-1.5 ; 1.5 ; 11.293412990591968
-1.5 ; 2.5 ; 11.53274883654042
-1.5 ; 3.5 ; 10.723997483080591
-1.5 ; 4.5 ; 10.5
-0.5 ; -4.5 ; 10.5
-0.5 ; -3.5 ; 11.071511256378006
-0.5 ; -2.5 ; 11.240858378586488
-0.5 ; -1.5 ; 11.496742613760887
-0.5 ; -0.5 ; 11.545059343054561
-0.5 ; 0.5 ; 11.550927951228935
-0.5 ; 1.5 ; 11.514494400478632
-0.5 ; 2.5 ; 11.257791522509521
-0.5 ; 3.5 ; 11.093874543939975
-0.5 ; 4.5 ; 10.5
0.5 ; -4.5 ; 10.5
0.5 ; -3.5 ; 11.08305685172413
0.5 ; -2.5 ; 11.238956638466782
0.5 ; -1.5 ; 11.504368352372314
0.5 ; -0.5 ; 11.550927951228935
0.5 ; 0.5 ; 11.556827042575524
0.5 ; 1.5 ; 11.522356124308786
0.5 ; 2.5 ; 11.255562855313531
0.5 ; 3.5 ; 11.106122661904543
0.5 ; 4.5 ; 10.5
1.5 ; -4.5 ; 10.5
1.5 ; -3.5 ; 10.715061234652318
1.5 ; -2.5 ; 11.52547576150296
1.5 ; -1.5 ; 11.293412990591968
1.5 ; -0.5 ; 11.514494400478632
1.5 ; 0.5 ; 11.522356124308786
1.5 ; 1.5 ; 11.30018855875765
1.5 ; 2.5 ; 11.564169361367728
1.5 ; 3.5 ; 10.713741775566987
1.5 ; 4.5 ; 10.5
2.5 ; -4.5 ; 10.5
2.5 ; -3.5 ; 11.34471363701524
2.5 ; -2.5 ; 10.671619911253494
2.5 ; -1.5 ; 11.53274883654042
2.5 ; -0.5 ; 11.257791522509521
2.5 ; 0.5 ; 11.255562855313531
2.5 ; 1.5 ; 11.564169361367728
2.5 ; 2.5 ; 10.656601631928698
2.5 ; 3.5 ; 11.389744513094382
2.5 ; 4.5 ; 10.5
3.5 ; -4.5 ; 10.5
3.5 ; -3.5 ; 10.392058853945294
3.5 ; -2.5 ; 11.347744513706868
3.5 ; -1.5 ; 10.723997483080591
3.5 ; -0.5 ; 11.093874543939975
3.5 ; 0.5 ; 11.106122661904543
3.5 ; 1.5 ; 10.713741775566987
3.5 ; 2.5 ; 11.389744513094382
3.5 ; 3.5 ; 10.376169062335116
3.5 ; 4.5 ; 10.5
4.5 ; -4.5 ; 10.5
4.5 ; -3.5 ; 10.5
4.5 ; -2.5 ; 10.5
4.5 ; -1.5 ; 10.5
4.5 ; -0.5 ; 10.5
4.5 ; 0.5 ; 10.5
4.5 ; 1.5 ; 10.5
4.5 ; 2.5 ; 10.5
4.5 ; 3.5 ; 10.5
4.5 ; 4.5 ; 10.5
-4.5 ; -4.5 ; 13.5
-4.5 ; -3.5 ; 13.5
-4.5 ; -2.5 ; 13.5
-4.5 ; -1.5 ; 13.5
-4.5 ; -0.5 ; 13.5
-4.5 ; 0.5 ; 13.5
-4.5 ; 1.5 ; 13.5
-4.5 ; 2.5 ; 13.5
-4.5 ; 3.5 ; 13.5
-4.5 ; 4.5 ; 13.5
-3.5 ; -4.5 ; 13.5
-3.5 ; -3.5 ; 14.531280183982922
-3.5 ; -2.5 ; 12.989751075553997
-3.5 ; -1.5 ; 14.601600223858398
-3.5 ; -0.5 ; 13.844632248310695
-3.5 ; 0.5 ; 13.822745500393943
-3.5 ; 1.5 ; 14.654599677838366
-3.5 ; 2.5 ; 12.936638525661753
-3.5 ; 3.5 ; 14.594064449092738
-3.5 ; 4.5 ; 13.5
-2.5 ; -4.5 ; 13.5
-2.5 ; -3.5 ; 12.989751075553997
-2.5 ; -2.5 ; 15.256627749518799
-2.5 ; -1.5 ; 13.616818417289423
-2.5 ; -0.5 ; 14.556800605911256
-2.5 ; 0.5 ; 14.58526238990898
-2.5 ; 1.5 ; 13.581388982262137
-2.5 ; 2.5 ; 15.349973449042565
-2.5 ; 3.5 ; 12.940194870894576
-2.5 ; 4.5 ; 13.5
-1.5 ; -4.5 ; 13.5
-1.5 ; -3.5 ; 14.601600223858398
-1.5 ; -2.5 ; 13.616818417289423
-1.5 ; -1.5 ; 14.853332222254888
-1.5 ; -0.5 ; 14.44111545205402
-1.5 ; 0.5 ; 14.436301959926087
-1.5 ; 1.5 ; 14.895780900129314
-1.5 ; 2.5 ; 13.590200527809596
-1.5 ; 3.5 ; 14.660525820295856
-1.5 ; 4.5 ; 13.5
-0.5 ; -4.5 ; 13.5
-0.5 ; -3.5 ; 13.844632248310695
-0.5 ; -2.5 ; 14.556800605911256
-0.5 ; -1.5 ; 14.44111545205402
-0.5 ; -0.5 ; 14.654381508018844
-0.5 ; 0.5 ; 14.662345302530419
-0.5 ; 1.5 ; 14.45064857835981
-0.5 ; 2.5 ; 14.59231908171034
-0.5 ; 3.5 ; 13.849619700439586
-0.5 ; 4.5 ; 13.5
0.5 ; -4.5 ; 13.5
0.5 ; -3.5 ; 13.822745500393943
0.5 ; -2.5 ; 14.58526238990898
0.5 ; -1.5 ; 14.436301959926087
0.5 ; -0.5 ; 14.662345302530419
0.5 ; 0.5 ; 14.670492505457233
0.5 ; 1.5 ; 14.44521577674892
0.5 ; 2.5 ; 14.622555664250598
0.5 ; 3.5 ; 13.826117140779822
0.5 ; 4.5 ; 13.5
1.5 ; -4.5 ; 13.5
1.5 ; -3.5 ; 14.654599677838366
1.5 ; -2.5 ; 13.581388982262137
1.5 ; -1.5 ; 14.895780900129314
1.5 ; -0.5 ; 14.45064857835981
1.5 ; 0.5 ; 14.44521577674892
1.5 ; 1.5 ; 14.9403723994139
1.5 ; 2.5 ; 13.551776733934542
1.5 ; 3.5 ; 14.716926707890458
1.5 ; 4.5 ; 13.5
2.5 ; -4.5 ; 13.5
2.5 ; -3.5 ; 12.936638525661753
2.5 ; -2.5 ; 15.349973449042565
2.5 ; -1.5 ; 13.590200527809596
2.5 ; -0.5 ; 14.59231908171034
2.5 ; 0.5 ; 14.622555664250598
2.5 ; 1.5 ; 13.551776733934542
2.5 ; 2.5 ; 15.449082528616998
2.5 ; 3.5 ; 12.88305013245325
2.5 ; 4.5 ; 13.5
3.5 ; -4.5 ; 13.5
3.5 ; -3.5 ; 14.594064449092738
3.5 ; -2.5 ; 12.940194870894576
3.5 ; -1.5 ; 14.660525820295856
3.5 ; -0.5 ; 13.849619700439586
3.5 ; 0.5 ; 13.826117140779822
3.5 ; 1.5 ; 14.716926707890458
3.5 ; 2.5 ; 12.88305013245325
3.5 ; 3.5 ; 14.660914807042083
3.5 ; 4.5 ; 13.5
4.5 ; -4.5 ; 13.5
4.5 ; -3.5 ; 13.5
4.5 ; -2.5 ; 13.5
4.5 ; -1.5 ; 13.5
4.5 ; -0.5 ; 13.5
4.5 ; 0.5 ; 13.5
4.5 ; 1.5 ; 13.5
4.5 ; 2.5 ; 13.5
4.5 ; 3.5 ; 13.5
4.5 ; 4.5 ; 13.5
